Shannon Pearson
John Sullivan
Samantha Montgomery
Natalie Montoya
Kayla Horton
Sandra Gonzalez
Christy Washington
Gene Clark
Travis Johnson
Daniel Patel
Jeanette Rivera
Anna Sheppard
Laura Peters
Jennifer Green
Thomas Ramos
Jennifer Meyers
Annette Ross
Mrs. Kelly Brown
Karen Marquez
Rebecca Brady
Andrea Richardson
Lori Williams
Sara Mckenzie
Mike Rodriguez
Frank Jacobs
Mrs. Angela White
Timothy Brown
Melissa Baker
Robin Young
Derek Williams
Yesenia Miranda
Christopher Bonilla
Erika King
Brian Stanley
Beverly Goodwin
Alicia Allen
Jody Boyd
Joseph Long
Kimberly Rodriguez
Jacob Day
Ryan Bennett
Melissa Reeves
Randall Jones
Taylor Ramirez
Richard Aguirre
Jason Boone
Michael Velazquez
Jim Trevino
Christina Wheeler
Kelsey Turner
Mark Smith
Donna Moore
Renee Burns
Casey Hawkins
Tonya Garner
Shane Vasquez
Kristin Hall
Dr. Timothy Alexander
Vanessa Lewis PhD
Cassandra House
Brett Hernandez
Holly Dorsey
Ronald Ware
Tracy Oliver
Jenna Lane
Destiny Hudson
Aaron Brown
Heather Allen
Steven Steele
Nicholas Chung
Caitlyn Villegas
Nathan Stuart
Nicole Walker
Joshua Russo
Shawn Macias
Jeremy Patel
Sheila Bradford
Brandi Wallace
Shelly Lewis
Timothy Estrada
Kim Chaney
Jason Sharp
Linda Melton
Roy Fowler
Monica Solis
Mike Hensley
Mark Davis
Jay Gonzalez
Jasmine Sanchez
Nicole Combs
Bobby Ballard
Hailey Murray
Carrie Wilkins
George Robbins
Karen Michael
Michelle Soto
Denise Bullock
Dennis Sanchez
Kara Anderson
Sheila Riley
Deanna Sloan
Cynthia Buckley
Matthew Douglas
Zachary Dawson
Rebecca Stewart
Jason Oliver
Brandon Taylor
Peggy Meyers
Nicole Lewis
Daniel Spence
Joseph Ellis
Claire Bentley
Samantha Martin
Heather Marsh
Mark Casey
Elizabeth Lynch
Don Hicks
Melanie Ferguson
Travis Frazier
Gerald Hernandez
Tiffany Nelson
Mackenzie Snyder
Lauren Campbell
Kathleen Krueger
Frank Mack
Mr. Brandon Richards
Elizabeth Short
Christopher Avery
Natasha Howard
Caitlyn Ramos
Alexander Hutchinson
Ryan Houston
Christina Yates
Patrick Meyer
Emily Patrick
Stephanie Kirk
Keith King
William Smith
Thomas Williams
Miss Michelle Kennedy
Kimberly Velez
James Thompson
Christina Myers
Steven Gibson
David Dean
Sandra Henderson
Ashley Park
Nancy Cross
Gregory Gibson
Brett Mckinney
Tammy Williams
Cathy Baker
Nicole Graham
Don Sanchez
Joanna Hull
Jennifer Levy
Amanda Alexander
Christopher Warren
Nicholas Preston
Krista Daniel
James Salazar
Alicia Watson
Linda Lee
Alejandro Mitchell
Kari Watkins
Kimberly Kelly
Scott Villa
John Ramirez
Sabrina Peterson
Lawrence Byrd
Mary Castro
Dustin Brown
James Woodward
Brandon Barnes
Nina Allen
Roger Guerra
Carolyn Bautista
Charlene Johnson
Kendra Owens
Bobby Ramirez
Bill Austin
Tasha Durham
James Lewis
Ryan Santana
Joshua Booth DVM
Olivia Liu
Reginald Carter
Jennifer Chandler
Andrew Evans
Michael Price
Aaron Wagner
Jason Dyer
Dawn Pruitt
Brian Young
Karen Davis
Cheryl Alvarez
Daniel Dickson
Diana Hubbard
Heidi Johnson MD
Christine Long
Miss Tracey Ellis
David Austin
Karen Murphy
Crystal Jefferson
Joseph Moore
Ashley Cook
Kyle Sanchez
Paul Chang
Mary Lopez
Steven Simon
Nicole Nelson
Bobby Parker
Angela Carr
Rhonda Lynch
Vanessa Butler
Nancy Lindsey
Randy Waters
Nathan Morris
Leslie Booker
Carlos Morgan
Eric Park
Thomas Wright
Jason Stone
Matthew Hurley
Linda Clements
Bobby Zavala
Alexandra Chandler
Jessica Johnson
Eddie Walter
Eric Harris
Michael Mcknight
Anthony Reed
Mary Smith
Brian Rush
Nicholas Carson
Anna Snow DDS
Samuel Sanders
Kelly Wilson
Karen Conway
Maria Matthews
Paul Sullivan
Sara James
Patricia Jimenez
Janet Davis
William Weaver
Thomas Taylor
Dana Greer
Melissa Foley
Danielle Hunt
Brittany Serrano
Erik Thompson
Nicole Simpson
Sean Nunez
Troy Hall
Matthew Gallagher
Timothy Russell
Drew Barnes
John Jordan
Mia Jones
Nathan Williams
Christopher Davis DDS
Stephen Perez
Jennifer Anthony
Shannon Robinson
Timothy Parks
Alexandria Bennett
Nicole Moreno
Angela Turner
Luke Stafford
Nicholas Singh
Craig Marshall
Ryan Griffin
Joseph Stevens
Lisa Rhodes
Barbara Thornton
Antonio Hall
Jared Orr
Mr. John Jones
Michael Perez
Cheryl Perez
John Peterson
Ethan Hamilton
Patricia Sharp
Christopher Hebert
Matthew Yoder
Patricia Morrison
David Bell
Alec Johnson
Nicole Hernandez
Susan Hopkins
Teresa Scott
Anthony Graves
Anthony Austin
Eric Romero
Mary Arroyo
Christian Stewart
Deborah Rios
Erik Mcdonald
Angela Giles
Sandra Simmons
Johnny Ferguson
John Alvarez
Dr. Sarah Lloyd
Shelby Noble
Lori Collins
Patrick Anderson
Oscar Hahn
Veronica Lopez
Brian Williams
Sue Franklin
Anthony Scott
John Bennett
Destiny Brooks
Curtis Smith
James Tanner
Nancy Chapman
Jessica Anderson
Kimberly Riley
Jacob Cox
Heather Hampton
John Reed
David Hammond
Michael Ellis
Michael Hunter
Theresa Freeman
Katherine Walker
Sonia Salazar
Zachary Griffith
Brooke Wade
Alfred Porter
Jacob Mccann
Bethany Choi
James Marshall
Matthew Brown
Sheri Kennedy
Joel Williams
Jacqueline Tucker
Krystal Jones
Joann Johnson
Mrs. Brandi Anderson
Randall Jones
Elizabeth Walker
Cory Lopez
Nicole Andrews
Kimberly Everett
Chad Williams
Amy Jones
Jessica Watson
Crystal Cochran
Jose Weber
Christian Weeks
William Soto
Heidi Bonilla
Kylie Williams
Martin Cox DVM
Julie Martinez
Jeffrey Williamson
Kenneth Davis
Tamara Rodriguez
Richard Merritt
Gabriella Black
Stephanie Green
Juan Montgomery
Evan Mccall MD
Chelsea Mccarthy
Jacqueline Chen
Rebecca Rivera
Matthew Morales
Dr. Matthew Rodriguez
David Williams
Erica White
Mario Blanchard
Mia Riley
Tiffany Gutierrez
Amber Olson
Gary Hamilton
Tammy Reyes
Angela Lamb
John Love
Douglas Pearson
Zachary Ford
Tara Underwood
Holly Cherry
Samantha Greene
Ralph Lopez
Jason Tucker
Linda Bailey
Diane Santiago
Nathaniel Cabrera
Edward Medina
Connor Buck
Garrett Acevedo
Stephanie Flores
Mallory Evans
Wesley Gutierrez
Kimberly Curry
Stacy Miller
Hailey Haas
Mary Weber
Brandy Gomez
